0
16,92277
18,43773
20,46679
20,45486
0
0
13,90722
17,78271
20,57774
25,72116
24,23616
24,69948
25,40997
25,23698
29,55989
31,57887
34,85507
31,06024
0
14,18309
18,45016
21,67532
26,42099
34,18356
28,16232
43,99805
31,71713
36,4865
32,71251
33,4318
42,87752
43,87267
57,65644
45,58434
52,159
38,28084
37,82354
52,42362
53,63463
55,23113
52,91616
63,49224
45,84109
45,59315
47,87588
60,00928
44,201
60,91219
57,33847
57,33797
55,01527
70,43192
74,3457
67,90517
78,53432
111,554
68,86409
83,61563
86,75939
80,02655
90,70079
82,09749
81,1133
102,8587
108,2867
75,37884
124,8337
80,4081
75,98035
121,1871
97,11282
79,81619
73,50642
80,82431
86,07893
91,55684
78,14587
84,01967
90,86382
83,16263
74,39855
90,4978
114,7053
106,1825
121,5009
78,6505
81,5447
77,4305
99,85687
88,56979
80,32737
102,7667
143,0863
79,64774
82,7068
99,1882
89,39226
80,31897
100,2204
80,4836
84,46227
92,44687
98,64287
94,0492
91,17735
91,66847
77,34496
81,78688
77,92365
103,4079
79,97277
0
14,76462
21,98508
23,55488
28,27747
27,93359
28,13447
27,94105
31,05789
28,95818
28,99497
30,62976
0
16,83582
19,34183
18,46476
20,69974
20,70728
20,65187
24,03309
26,54731
26,97742
25,08609
24,60792
29,63701
37,1188
28,99535
29,29219
29,21328
31,07334
32,65937
91,08611
33,76638
33,80834
93,69235
34,29129
34,29453
35,3437
33,3447
36,51463
34,36559
39,75996
41,37981
41,43191
47,91825
42,97532
43,36404
46,11639
45,97737
42,8494
42,62665
43,44429
42,99265
44,26824
44,11417
45,0405
45,41331
46,74664
46,81029
47,54052
48,06474
49,63416
50,7387
52,04966
54,83449
55,53968
55,39529
55,40498
57,43166
56,4696
59,05048
59,16261
61,51272
58,27801
61,6133
61,05234
67,6371
63,42892
65,06216
61,9583
62,81504
62,72851
62,42055
65,06982
70,18257
66,55028
68,89919
69,63692
67,83384
75,24841
72,33441
73,10257
70,98338
71,96385
74,5435
74,69386
89,47902
83,0904
0
17,40963
26,28854
25,85724
54,28784
50,03326
73,39511
61,34445
61,33937
78,51923
85,03603
71,84222
113,1698
104,4096
0
16,6333
26,34657
25,07306
26,49942
67,88065
29,63849
47,32714
217,2825
117,8157
40,68765
226,7535
95,62431
128,7643
106,3037
266,4822
82,04259
290,9076
94,19949
41,21904
55,85291
54,58437
